[[2.91, 0.68319, 2.5, 0.064],
[3.32, 0.68334, 2.5, 0.164],
[3.42, 0.68337, 2.5, 0.04],
[3.63, 0.68345, 2.5, 0.084],
[4.19, 0.68365, 2.5, 0.224],
[4.5, 0.68376, 2.5, 0.124],
[4.55, 0.68378, 2.5, 0.02],
[5.32, 0.68405, 1.47414, 0.52234],
[5.42, 0.68409, 1.47414, 0.06784],
[5.78, 0.68422, 1.47414, 0.24421],
[6.28975, 0.69214, 1.47414, 0.34583],
[6.46091, 0.71231, 1.47414, 0.11691],
[6.5137, 0.72103, 1.47414, 0.0363],
[6.70429, 0.7996, 1.72322, 0.11963],
[6.83628, 0.8817, 1.72322, 0.09021],
[6.99166, 1.00627, 1.72322, 0.11557],
[7.11421, 1.16932, 1.72322, 0.11837],
[7.16583, 1.26343, 1.72322, 0.06229],
[7.28002, 1.76283, 1.72322, 0.29729],
[7.27289, 1.81324, 1.93337, 0.02633],
[7.26596, 1.86226, 1.93337, 0.02561],
[7.10457, 2.30149, 1.93337, 0.24203],
[7.01175, 2.41926, 1.96166, 0.07644],
[6.72727, 2.64749, 1.96166, 0.18592],
[6.53692, 2.72664, 2.0822, 0.09901],
[6.0798, 2.77336, 1.94819, 0.23586],
[5.91981, 2.77201, 1.94819, 0.08212],
[5.71983, 2.77031, 1.94819, 0.10266],
[5.67, 2.76989, 1.92704, 0.02586],
[5.20003, 2.76591, 1.92704, 0.24389],
[5.04988, 2.76464, 1.92704, 0.07792],
[5.00203, 2.76898, 1.92704, 0.02493],
[4.94271, 2.77533, 1.92704, 0.03096],
[4.56134, 2.89832, 1.92704, 0.20794],
[4.25853, 3.16696, 2.5, 0.16192],
[4.09273, 3.37037, 1.87828, 0.13972],
[4.00112, 3.48276, 1.87828, 0.07719],
[3.774, 3.76141, 1.79316, 0.20048],
[3.68239, 3.8738, 1.57628, 0.09198],
[3.54906, 4.03738, 1.57628, 0.13388],
[3.27585, 4.3333, 1.57628, 0.2555],
[3.19115, 4.38568, 1.57628, 0.06319],
[3.09549, 4.43592, 1.57628, 0.06854],
[2.95497, 4.48441, 1.57628, 0.09431],
[2.80898, 4.50004, 2.35698, 0.06229],
[2.811, 4.49983, 1.7538, 0.00116],
[2.50033, 4.49872, 1.7538, 0.17715],
[2.24938, 4.49143, 1.7538, 0.14315],
[1.99018, 4.4839, 1.7538, 0.14786],
[1.73952, 4.47662, 1.7538, 0.14298],
[1.18712, 4.39179, 1.7538, 0.31867],
[1.10544, 4.34023, 1.82094, 0.05304],
[0.73162, 3.81966, 1.82094, 0.35195],
[0.70805, 3.5296, 2.5, 0.11641],
[0.87473, 2.72512, 2.5, 0.32862],
[0.88631, 2.66924, 2.5, 0.02283],
[0.9181, 2.51582, 2.5, 0.06267],
[0.93804, 2.41959, 1.85542, 0.05297],
[1.02121, 2.01818, 1.06884, 0.38354],
[1.04306, 1.91271, 1.06884, 0.10077],
[1.09363, 1.66868, 1.06884, 0.23316],
[1.21972, 1.16989, 1.0, 0.51448],
[1.24046, 1.11821, 1.0, 0.05568],
[1.28661, 1.02702, 1.0, 0.1022],
[1.31953, 0.98959, 1.0, 0.04985],
[1.38974, 0.90977, 1.0, 0.1063],
[1.45639, 0.84353, 1.0, 0.09396],
[1.49964, 0.81936, 2.10313, 0.02356],
[2.04, 0.68288, 2.5, 0.22293],
[2.75, 0.68314, 2.5, 0.284]]