[[-2.03192, -5.93321, 3.5808, 0.08318],
[-1.73802, -5.98175, 3.3956, 0.08773],
[-1.44382, -6.02623, 3.17906, 0.0936],
[-1.14967, -6.06658, 2.99293, 0.0992],
[-0.85589, -6.10279, 2.70697, 0.10935],
[-0.56273, -6.1347, 2.45708, 0.12002],
[-0.2704, -6.16214, 2.21652, 0.13247],
[0.02084, -6.18467, 1.98405, 0.14723],
[0.31072, -6.20168, 1.76118, 0.16488],
[0.59899, -6.21256, 1.55623, 0.18536],
[0.88521, -6.21611, 1.34047, 0.21354],
[1.16889, -6.21098, 1.17433, 0.24161],
[1.44941, -6.19549, 1.17433, 0.23924],
[1.7259, -6.16746, 1.17433, 0.23665],
[1.9971, -6.1241, 1.17433, 0.23387],
[2.26119, -6.06188, 1.17433, 0.23104],
[2.51482, -5.97549, 1.17433, 0.22816],
[2.75259, -5.85975, 1.31932, 0.20045],
[2.976, -5.72255, 1.39279, 0.18824],
[3.18544, -5.56733, 1.47452, 0.1768],
[3.38166, -5.39692, 1.55159, 0.16749],
[3.56534, -5.21345, 1.4661, 0.17708],
[3.73701, -5.01844, 1.4661, 0.17721],
[3.89711, -4.81308, 1.4661, 0.17761],
[4.04539, -4.59781, 1.4661, 0.17829],
[4.18118, -4.3728, 1.4661, 0.17926],
[4.30326, -4.13785, 1.4661, 0.18059],
[4.40733, -3.89116, 1.54774, 0.17299],
[4.49422, -3.63464, 1.90295, 0.14232],
[4.5692, -3.37198, 2.08551, 0.13098],
[4.63394, -3.1044, 2.22911, 0.1235],
[4.68944, -2.83268, 2.1882, 0.12674],
[4.73674, -2.55757, 1.9845, 0.14066],
[4.77631, -2.28059, 1.81653, 0.15402],
[4.8075, -2.01313, 1.55809, 0.17282],
[4.84501, -1.75053, 1.35107, 0.19634],
[4.88995, -1.49196, 1.35107, 0.19425],
[4.94334, -1.23803, 1.35107, 0.19205],
[5.00665, -0.98965, 1.35107, 0.18972],
[5.08132, -0.74776, 1.35107, 0.18738],
[5.1708, -0.51451, 1.35107, 0.18491],
[5.27913, -0.29264, 1.50859, 0.16367],
[5.40213, -0.07985, 1.66818, 0.14733],
[5.53703, 0.12554, 1.87298, 0.1312],
[5.68151, 0.32518, 2.06745, 0.1192],
[5.83418, 0.52036, 2.32563, 0.10655],
[5.99377, 0.71235, 2.17425, 0.11483],
[6.15901, 0.9023, 1.7603, 0.14302],
[6.32848, 1.09106, 1.4871, 0.17058],
[6.50098, 1.27919, 1.27186, 0.20069],
[6.68236, 1.47478, 1.10747, 0.24087],
[6.85925, 1.6725, 1.00046, 0.26517],
[7.02716, 1.87438, 1.0, 0.26258],
[7.18173, 2.08222, 1.0, 0.25902],
[7.31814, 2.29769, 1.0, 0.25503],
[7.43038, 2.52235, 1.0, 0.25113],
[7.51119, 2.7569, 1.0, 0.24808],
[7.55339, 2.9997, 1.0, 0.24644],
[7.55655, 3.24599, 1.06207, 0.23191],
[7.52489, 3.49107, 1.15243, 0.21443],
[7.46368, 3.73176, 1.25662, 0.19763],
[7.37783, 3.96628, 1.34879, 0.18516],
[7.27099, 4.19362, 1.34879, 0.18624],
[7.14346, 4.4119, 1.43595, 0.17605],
[6.99819, 4.62056, 1.52475, 0.16675],
[6.83767, 4.81946, 1.41048, 0.18121],
[6.66318, 5.00808, 1.35782, 0.18924],
[6.47594, 5.18601, 1.35782, 0.19023],
[6.27702, 5.35289, 1.35782, 0.19123],
[6.06696, 5.5079, 1.35782, 0.19227],
[5.84611, 5.64984, 1.35782, 0.19335],
[5.61249, 5.77317, 1.35782, 0.19455],
[5.3675, 5.87473, 1.48829, 0.1782],
[5.115, 5.95716, 1.61027, 0.16495],
[4.85736, 6.02278, 1.73639, 0.15311],
[4.59616, 6.07367, 1.8134, 0.14675],
[4.33232, 6.11088, 1.88313, 0.14149],
[4.06654, 6.13528, 1.84136, 0.14494],
[3.79938, 6.14756, 1.66123, 0.16099],
[3.53125, 6.1482, 1.48057, 0.1811],
[3.26255, 6.13764, 1.48057, 0.18163],
[2.9936, 6.11533, 1.48057, 0.18228],
[2.72482, 6.08022, 1.48057, 0.18308],
[2.45677, 6.03098, 1.48057, 0.18408],
[2.19045, 5.9642, 1.48057, 0.18544],
[1.92786, 5.87514, 1.75404, 0.15808],
[1.66894, 5.77009, 2.02212, 0.13819],
[1.41317, 5.65288, 2.33769, 0.12035],
[1.15992, 5.52644, 2.75369, 0.10279],
[0.90856, 5.39326, 3.42342, 0.08309],
[0.65844, 5.25567, 3.57214, 0.07992],
[0.4089, 5.11597, 3.29775, 0.08672],
[0.15316, 4.97507, 3.14598, 0.09281],
[-0.10383, 4.83629, 3.07227, 0.09507],
[-0.36229, 4.70016, 3.06085, 0.09544],
[-0.62243, 4.56722, 3.06085, 0.09544],
[-0.88449, 4.43815, 3.06085, 0.09544],
[-1.1487, 4.31366, 3.06085, 0.09542],
[-1.41519, 4.19426, 3.06085, 0.0954],
[-1.68397, 4.08021, 3.06085, 0.09539],
[-1.95497, 3.97161, 3.11148, 0.09383],
[-2.22805, 3.8683, 3.2264, 0.09049],
[-2.503, 3.76993, 3.42403, 0.08528],
[-2.77955, 3.67599, 3.75725, 0.07773],
[-3.05737, 3.58573, 3.79489, 0.07698],
[-3.33615, 3.49833, 3.0542, 0.09566],
[-3.61567, 3.41324, 2.59329, 0.11267],
[-3.89575, 3.32994, 2.26209, 0.12917],
[-4.16811, 3.25059, 1.98439, 0.14296],
[-4.4394, 3.16981, 1.7565, 0.16115],
[-4.70842, 3.08598, 1.54875, 0.18194],
[-4.97412, 2.99749, 1.35749, 0.2063],
[-5.23543, 2.90261, 1.18159, 0.23528],
[-5.49124, 2.79947, 1.18159, 0.23343],
[-5.74005, 2.68588, 1.18159, 0.23148],
[-5.97996, 2.55935, 1.18159, 0.22955],
[-6.20828, 2.41682, 1.18159, 0.22779],
[-6.42097, 2.25442, 1.18159, 0.22648],
[-6.61138, 2.06763, 1.28573, 0.20745],
[-6.78128, 1.8621, 1.41287, 0.18874],
[-6.93306, 1.64234, 1.50607, 0.17734],
[-7.06802, 1.41108, 1.59272, 0.16811],
[-7.18723, 1.17049, 1.66941, 0.16084],
[-7.2915, 0.92227, 1.71149, 0.15731],
[-7.38107, 0.66766, 1.78508, 0.1512],
[-7.45672, 0.40801, 1.83237, 0.1476],
[-7.51896, 0.14436, 1.8269, 0.14828],
[-7.56764, -0.1225, 1.8269, 0.14848],
[-7.60263, -0.39175, 1.8269, 0.14862],
[-7.62377, -0.66256, 1.8269, 0.14869],
[-7.63088, -0.93408, 1.8269, 0.14867],
[-7.62381, -1.20545, 1.8269, 0.14859],
[-7.60253, -1.47581, 1.83085, 0.14812],
[-7.56721, -1.74435, 1.76224, 0.1537],
[-7.51843, -2.01045, 1.60134, 0.16894],
[-7.45739, -2.27372, 1.60134, 0.16877],
[-7.38521, -2.53394, 1.54719, 0.17454],
[-7.30144, -2.79049, 1.38915, 0.19428],
[-7.20549, -3.04261, 1.33797, 0.20162],
[-7.09559, -3.28887, 1.33797, 0.20155],
[-6.96929, -3.527, 1.33797, 0.20147],
[-6.8287, -3.75695, 1.33797, 0.20144],
[-6.67165, -3.97622, 1.33797, 0.20158],
[-6.4951, -4.18085, 1.33797, 0.20199],
[-6.2987, -4.36795, 1.4057, 0.19297],
[-6.08539, -4.53775, 1.54511, 0.17645],
[-5.85868, -4.69228, 1.68632, 0.1627],
[-5.62103, -4.83337, 1.8351, 0.15061],
[-5.37428, -4.96263, 1.99171, 0.13986],
[-5.11989, -5.08146, 2.13659, 0.13141],
[-4.85891, -5.19092, 2.3135, 0.12233],
[-4.59233, -5.29214, 2.45776, 0.11602],
[-4.3208, -5.38583, 2.61168, 0.10998],
[-4.04491, -5.47268, 2.77549, 0.10421],
[-3.76518, -5.55332, 2.94805, 0.09875],
[-3.48209, -5.62831, 3.12603, 0.09368],
[-3.1961, -5.69816, 3.30303, 0.08913],
[-2.90764, -5.76329, 3.4682, 0.08526],
[-2.61717, -5.82405, 3.60547, 0.08231],
[-2.32511, -5.88065, 3.66803, 0.0811]]