[[-3.53491, -0.04164, 1.23961, 0.13805],
[-3.55675, -0.21069, 1.31635, 0.12949],
[-3.55707, -0.38238, 1.28517, 0.13359],
[-3.53697, -0.55561, 1.16963, 0.1491],
[-3.49643, -0.72944, 1.16963, 0.1526],
[-3.43486, -0.9028, 1.16963, 0.15729],
[-3.35126, -1.07443, 1.16963, 0.16322],
[-3.2408, -1.24205, 1.16963, 0.17164],
[-3.09482, -1.40053, 1.16963, 0.18422],
[-2.90173, -1.53673, 1.97909, 0.11939],
[-2.69142, -1.66153, 2.27091, 0.10769],
[-2.46704, -1.77659, 2.5902, 0.09736],
[-2.23059, -1.88358, 2.9591, 0.08771],
[-1.98413, -1.98478, 2.7488, 0.09692],
[-1.72805, -2.081, 2.53053, 0.1081],
[-1.4671, -2.16955, 2.34644, 0.11744],
[-1.20509, -2.2486, 2.07442, 0.13193],
[-0.94278, -2.31739, 1.84136, 0.14727],
[-0.6805, -2.37521, 1.64801, 0.16297],
[-0.41851, -2.42062, 1.64801, 0.16134],
[-0.15713, -2.45177, 1.64801, 0.15973],
[0.10323, -2.46679, 1.64801, 0.15824],
[0.36182, -2.46167, 1.64801, 0.15694],
[0.61738, -2.43153, 1.64801, 0.15615],
[0.86774, -2.37053, 1.76621, 0.1459],
[1.11206, -2.28261, 1.91028, 0.13593],
[1.34993, -2.17145, 2.02255, 0.12982],
[1.58084, -2.03922, 2.10583, 0.12636],
[1.80402, -1.88733, 2.19279, 0.12312],
[2.0187, -1.71722, 2.28751, 0.11974],
[2.22411, -1.53054, 2.38458, 0.1164],
[2.41956, -1.32905, 2.47721, 0.11331],
[2.60438, -1.11458, 2.44139, 0.11597],
[2.77795, -0.88886, 2.29885, 0.12386],
[2.93977, -0.65364, 2.11658, 0.13489],
[3.08906, -0.41037, 1.9352, 0.14749],
[3.22504, -0.16048, 1.74869, 0.16269],
[3.346, 0.09494, 1.59152, 0.17757],
[3.45022, 0.3545, 1.39307, 0.20078],
[3.53547, 0.61666, 1.20427, 0.22891],
[3.59876, 0.87954, 1.05826, 0.25551],
[3.63683, 1.14068, 1.05826, 0.24936],
[3.64596, 1.39682, 1.05826, 0.2422],
[3.6231, 1.64414, 1.05826, 0.2347],
[3.56276, 1.87678, 1.05826, 0.22711],
[3.45845, 2.08546, 1.05826, 0.22046],
[3.30602, 2.25616, 1.13209, 0.20215],
[3.11932, 2.38743, 1.24098, 0.18391],
[2.90971, 2.4815, 1.38125, 0.16633],
[2.68556, 2.54267, 1.49367, 0.15556],
[2.45193, 2.57365, 1.61214, 0.14619],
[2.21253, 2.57714, 1.72113, 0.13911],
[1.96999, 2.55525, 1.84698, 0.13185],
[1.7263, 2.51031, 1.97082, 0.12574],
[1.4829, 2.44428, 2.10776, 0.11965],
[1.24089, 2.35912, 2.26804, 0.11312],
[1.00109, 2.25694, 2.45703, 0.10609],
[0.76419, 2.13999, 2.60466, 0.10143],
[0.53101, 2.01072, 2.2587, 0.11804],
[0.3026, 1.87201, 2.2587, 0.11831],
[0.08052, 1.72679, 2.2587, 0.11748],
[-0.14071, 1.5909, 2.2587, 0.11495],
[-0.36534, 1.46352, 2.2587, 0.11433],
[-0.59482, 1.34778, 2.2587, 0.11379],
[-0.83071, 1.24732, 2.43591, 0.10525],
[-1.07197, 1.15995, 2.18545, 0.11741],
[-1.31838, 1.08541, 1.92506, 0.13373],
[-1.56977, 1.0237, 1.73335, 0.14934],
[-1.82595, 0.97498, 1.5312, 0.1703],
[-2.08646, 0.93957, 1.33563, 0.19684],
[-2.33148, 0.89234, 1.0, 0.24953],
[-2.5637, 0.83151, 1.0, 0.24006],
[-2.78046, 0.75545, 1.0, 0.22972],
[-2.97929, 0.66347, 1.0, 0.21907],
[-3.15664, 0.55471, 1.0, 0.20804],
[-3.3077, 0.42856, 1.0, 0.19681],
[-3.4153, 0.28143, 1.08381, 0.16818],
[-3.48907, 0.12323, 1.15881, 0.15063]]