[[-8.71756, -1.3618, 3.56106, 0.08216],
[-8.58325, -1.61983, 3.2115, 0.09058],
[-8.44661, -1.8733, 2.94711, 0.09771],
[-8.30695, -2.12043, 2.67386, 0.10616],
[-8.16367, -2.35942, 2.4176, 0.11526],
[-8.01626, -2.58847, 2.20047, 0.12379],
[-7.86432, -2.80577, 1.91986, 0.13811],
[-7.70752, -3.00945, 1.70219, 0.15101],
[-7.54581, -3.19806, 1.5102, 0.16451],
[-7.37912, -3.36978, 1.33354, 0.17946],
[-7.20748, -3.52264, 1.15741, 0.19858],
[-7.03113, -3.65486, 1.15741, 0.19043],
[-6.85018, -3.76269, 1.15741, 0.182],
[-6.66523, -3.84275, 1.15741, 0.17412],
[-6.47737, -3.89099, 1.15741, 0.16758],
[-6.28829, -3.90157, 1.15741, 0.16362],
[-6.10157, -3.8634, 1.45435, 0.13104],
[-5.91871, -3.79305, 1.66572, 0.11762],
[-5.74015, -3.69605, 1.9475, 0.10435],
[-5.56573, -3.57763, 2.27603, 0.09263],
[-5.39518, -3.44211, 2.7947, 0.07795],
[-5.22781, -3.29456, 3.95654, 0.05639],
[-5.06232, -3.14085, 4.0, 0.05647],
[-4.89258, -2.988, 4.0, 0.05711],
[-4.71966, -2.83672, 4.0, 0.05744],
[-4.54372, -2.68713, 4.0, 0.05773],
[-4.36477, -2.53941, 4.0, 0.05801],
[-4.18276, -2.39378, 4.0, 0.05827],
[-3.9976, -2.25058, 4.0, 0.05852],
[-3.80926, -2.11016, 3.98913, 0.05889],
[-3.61765, -1.97299, 3.86977, 0.06089],
[-3.42275, -1.83964, 3.74461, 0.06307],
[-3.22467, -1.71063, 3.61573, 0.06538],
[-3.02364, -1.5865, 3.48617, 0.06777],
[-2.81993, -1.46775, 3.35939, 0.07019],
[-2.61386, -1.3549, 3.23892, 0.07254],
[-2.40574, -1.24849, 3.12829, 0.07472],
[-2.19585, -1.14902, 3.031, 0.07663],
[-1.98446, -1.05701, 2.95054, 0.07814],
[-1.77181, -0.97299, 2.89043, 0.07911],
[-1.5581, -0.89744, 2.85421, 0.07941],
[-1.3435, -0.83087, 2.84553, 0.07896],
[-1.12813, -0.77371, 2.84553, 0.07831],
[-0.91207, -0.72638, 2.84553, 0.07773],
[-0.69535, -0.68923, 2.84553, 0.07727],
[-0.47795, -0.66253, 2.84553, 0.07697],
[-0.25979, -0.64646, 2.84553, 0.07688],
[-0.04071, -0.64107, 2.86823, 0.0764],
[0.17947, -0.64631, 2.92655, 0.07526],
[0.40101, -0.66197, 3.02547, 0.07341],
[0.62417, -0.68769, 3.17125, 0.07084],
[0.84926, -0.72297, 3.37193, 0.06757],
[1.07652, -0.76717, 3.63806, 0.06364],
[1.30617, -0.8195, 3.98718, 0.05908],
[1.53835, -0.87905, 4.0, 0.05992],
[1.77301, -0.94475, 4.0, 0.06092],
[2.01004, -1.01565, 4.0, 0.06185],
[2.24941, -1.09111, 4.0, 0.06275],
[2.49091, -1.17034, 4.0, 0.06354],
[2.76505, -1.25699, 4.0, 0.07188],
[3.03927, -1.33957, 3.97311, 0.07208],
[3.31358, -1.4173, 3.76355, 0.07575],
[3.58795, -1.48951, 3.59647, 0.07889],
[3.86236, -1.55528, 3.46894, 0.08134],
[4.13674, -1.61363, 3.37399, 0.08314],
[4.41102, -1.6638, 3.3068, 0.08432],
[4.68503, -1.70493, 3.26453, 0.08488],
[4.95859, -1.73617, 3.24639, 0.08481],
[5.23144, -1.75675, 3.24639, 0.08428],
[5.50323, -1.76606, 3.24639, 0.08377],
[5.77358, -1.76365, 3.24639, 0.08328],
[6.04201, -1.74926, 3.24639, 0.08281],
[6.30802, -1.7228, 3.19877, 0.08357],
[6.57107, -1.68441, 2.9938, 0.08879],
[6.83061, -1.63444, 2.78427, 0.09493],
[7.08616, -1.57344, 2.55849, 0.10269],
[7.33719, -1.50196, 2.28738, 0.11411],
[7.583, -1.42023, 2.05019, 0.12635],
[7.82265, -1.3282, 1.81252, 0.14164],
[8.05454, -1.22515, 1.61145, 0.15747],
[8.27659, -1.11038, 1.42826, 0.17501],
[8.48611, -0.9832, 1.24367, 0.19708],
[8.67911, -0.84269, 1.09273, 0.21847],
[8.85098, -0.68874, 1.09273, 0.21116],
[8.99611, -0.52182, 1.09273, 0.20241],
[9.10907, -0.34357, 1.09273, 0.19312],
[9.18417, -0.1563, 1.09273, 0.18465],
[9.21306, 0.03693, 1.09273, 0.17879],
[9.18407, 0.23008, 1.40425, 0.13909],
[9.11911, 0.41928, 1.53241, 0.13054],
[9.02165, 0.60282, 1.68347, 0.12344],
[8.8945, 0.77936, 1.83275, 0.11871],
[8.73948, 0.94759, 2.02456, 0.11299],
[8.55914, 1.10659, 2.24044, 0.10731],
[8.35621, 1.25572, 2.50459, 0.10055],
[8.13393, 1.39493, 2.85038, 0.09202],
[7.896, 1.52494, 3.14926, 0.08609],
[7.64495, 1.64617, 3.56603, 0.07818],
[7.38362, 1.75967, 4.0, 0.07123],
[7.1145, 1.86662, 4.0, 0.0724],
[6.83961, 1.96821, 4.0, 0.07326],
[6.56059, 2.06558, 4.0, 0.07388],
[6.27874, 2.15981, 4.0, 0.0743],
[5.99507, 2.25186, 4.0, 0.07456],
[5.71042, 2.34264, 4.0, 0.07469],
[5.4254, 2.43297, 4.0, 0.07475],
[5.14049, 2.52356, 4.0, 0.07474],
[4.8557, 2.61443, 4.0, 0.07473],
[4.57104, 2.70557, 4.0, 0.07473],
[4.28648, 2.79697, 4.0, 0.07472],
[4.00218, 2.88852, 4.0, 0.07467],
[3.72232, 2.97718, 3.69951, 0.07935],
[3.44871, 3.06109, 3.36132, 0.08514],
[3.18311, 3.13857, 3.07553, 0.08996],
[2.92666, 3.2084, 2.8415, 0.09354],
[2.68001, 3.26968, 2.66087, 0.09552],
[2.44342, 3.3218, 2.48715, 0.0974],
[2.21693, 3.36431, 2.35077, 0.09803],
[2.00035, 3.39694, 2.26439, 0.09673],
[1.79332, 3.41952, 2.23016, 0.09338],
[1.59535, 3.43201, 2.17862, 0.09105],
[1.40579, 3.43456, 2.17862, 0.08702],
[1.22409, 3.42711, 2.17862, 0.08347],
[1.04965, 3.4097, 2.17862, 0.08046],
[0.88172, 3.38251, 2.17862, 0.07808],
[0.71941, 3.34592, 2.17862, 0.07637],
[0.56193, 3.29981, 2.34138, 0.07008],
[0.40771, 3.24545, 2.48954, 0.06568],
[0.25548, 3.18344, 2.72766, 0.06026],
[0.104, 3.11449, 1.9972, 0.08334],
[-0.04776, 3.03962, 1.6228, 0.10427],
[-0.20018, 2.96056, 1.38355, 0.12411],
[-0.35331, 2.87857, 1.18194, 0.14696],
[-0.52508, 2.78544, 1.18194, 0.16532],
[-0.69713, 2.70164, 1.18194, 0.16191],
[-0.86955, 2.6352, 1.18194, 0.15633],
[-1.04209, 2.5924, 1.18194, 0.15041],
[-1.21406, 2.57909, 1.18194, 0.14593],
[-1.38378, 2.60408, 1.37733, 0.12455],
[-1.55062, 2.65788, 1.57604, 0.11123],
[-1.71439, 2.73537, 1.85087, 0.09789],
[-1.87529, 2.83169, 1.88414, 0.09953],
[-2.03396, 2.94135, 1.64042, 0.11758],
[-2.19141, 3.05795, 1.45644, 0.13452],
[-2.33805, 3.16255, 1.27074, 0.14175],
[-2.48451, 3.25897, 1.12648, 0.15566],
[-2.63059, 3.34269, 1.0, 0.16837],
[-2.77603, 3.41055, 1.0, 0.16048],
[-2.92044, 3.46019, 1.0, 0.15271],
[-3.06331, 3.48969, 1.0, 0.14588],
[-3.20374, 3.4957, 1.0, 0.14056],
[-3.34029, 3.47416, 1.0, 0.13824],
[-3.47007, 3.41768, 1.17788, 0.12016],
[-3.59301, 3.33352, 1.37366, 0.10846],
[-3.70924, 3.22567, 1.58641, 0.09995],
[-3.8189, 3.09672, 1.88698, 0.0897],
[-3.92268, 2.95011, 2.17077, 0.08275],
[-4.02185, 2.79022, 1.98448, 0.09481],
[-4.11785, 2.62159, 1.8268, 0.10622],
[-4.21613, 2.46453, 1.69348, 0.10941],
[-4.31781, 2.31796, 1.58637, 0.11245],
[-4.42318, 2.18315, 1.49838, 0.1142],
[-4.53225, 2.06073, 1.37272, 0.11944],
[-4.64502, 1.95156, 1.37272, 0.11434],
[-4.76141, 1.85631, 1.37272, 0.10956],
[-4.88127, 1.7756, 1.37272, 0.10527],
[-5.00436, 1.70988, 1.37272, 0.10165],
[-5.13042, 1.65962, 1.27243, 0.10666],
[-5.25939, 1.62668, 1.27243, 0.10461],
[-5.39072, 1.61041, 1.27243, 0.104],
[-5.52383, 1.60898, 1.27243, 0.10461],
[-5.6585, 1.62377, 1.27243, 0.10647],
[-5.79444, 1.65715, 1.27243, 0.11001],
[-5.93107, 1.71528, 1.63216, 0.09097],
[-6.06746, 1.79081, 1.81465, 0.08592],
[-6.20318, 1.8824, 2.0238, 0.0809],
[-6.33789, 1.98865, 2.24206, 0.07652],
[-6.47136, 2.10834, 2.48868, 0.07204],
[-6.60346, 2.24021, 2.7404, 0.06811],
[-6.73412, 2.38317, 2.81339, 0.06884],
[-6.86334, 2.53618, 2.70289, 0.07409],
[-6.99113, 2.69859, 2.56453, 0.08058],
[-7.12064, 2.87524, 2.45421, 0.08925],
[-7.25445, 3.04299, 2.35359, 0.09117],
[-7.39244, 3.20139, 2.2754, 0.09232],
[-7.53467, 3.34978, 2.23296, 0.09205],
[-7.68111, 3.48789, 2.22354, 0.09053],
[-7.83182, 3.61516, 2.22354, 0.08872],
[-7.98683, 3.73117, 2.22354, 0.08707],
[-8.14613, 3.83548, 2.16634, 0.0879],
[-8.30966, 3.92773, 2.08575, 0.09002],
[-8.47726, 4.00781, 1.94613, 0.09544],
[-8.64863, 4.07585, 1.77394, 0.10394],
[-8.82345, 4.13196, 1.60946, 0.11407],
[-9.0013, 4.17638, 1.44245, 0.12709],
[-9.18203, 4.20814, 1.28868, 0.14239],
[-9.36529, 4.22605, 1.12215, 0.16409],
[-9.55064, 4.22773, 1.12215, 0.16518],
[-9.73709, 4.20936, 1.12215, 0.16696],
[-9.92227, 4.16595, 1.12215, 0.1695],
[-10.10086, 4.09096, 1.12215, 0.17262],
[-10.26194, 3.9782, 1.12215, 0.17522],
[-10.38553, 3.824, 1.25349, 0.15766],
[-10.47199, 3.64301, 1.49638, 0.13405],
[-10.52919, 3.44483, 1.62731, 0.12675],
[-10.55848, 3.23235, 1.78624, 0.12008],
[-10.56125, 3.00791, 1.97488, 0.11366],
[-10.53905, 2.77357, 2.22752, 0.10567],
[-10.49439, 2.53143, 2.48579, 0.09905],
[-10.42938, 2.28313, 2.82019, 0.09101],
[-10.34681, 2.03022, 3.22363, 0.08253],
[-10.24959, 1.77399, 3.71812, 0.07371],
[-10.14059, 1.51544, 4.0, 0.07014],
[-10.02259, 1.25536, 4.0, 0.0714],
[-9.89818, 0.99428, 4.0, 0.0723],
[-9.76969, 0.73258, 4.0, 0.07288],
[-9.63916, 0.47048, 4.0, 0.0732],
[-9.50822, 0.2083, 4.0, 0.07326],
[-9.37711, -0.0538, 4.0, 0.07327],
[-9.24579, -0.3158, 4.0, 0.07327],
[-9.1142, -0.57767, 4.0, 0.07327],
[-8.98238, -0.83943, 4.0, 0.07327],
[-8.85034, -1.10109, 3.96415, 0.07393]]